Dark 0.01
0.08 592352.93
0.09 558888.87
0.08 592352.93
0.08 592352.93
0.09 558888.87
0.08 592352.93
0.08 592352.93
0.08 630000.00
0.06 777692.31
0.08 630000.00

Ambiente lux 140
Lettura:
0
4.35
1505.62
Lettura:
1
4.35
1505.62
Lettura:
2
4.35
1505.62
Lettura:
3
4.35
1505.62
Lettura:
4
4.35
1505.62
Lettura:
5
4.35
1505.62
Lettura:
6
4.35
1505.62
Lettura:
7
4.35
1505.62
Lettura:
8
4.35
1505.62
Lettura:
9
4.35
1505.62
Lettura:
10
4.35
1505.62


pwm 1 lux 110
Lettura:
1
1.00
39951.22
Lettura:
2
0.83
50235.30
Lettura:
3
0.84
49190.75
Lettura:
4
0.83
49883.04
Lettura:
5
0.75
56493.51
Lettura:
6
0.75
56928.10
Lettura:
7
0.78
54000.00
Lettura:
8
0.83
50591.71
Lettura:
9
0.86
47853.11
Lettura:
10
0.79
53602.48

pwm2 140 lux
Lettura:
0
1.08
36126.13
Lettura:
1
1.05
37407.41
Lettura:
2
1.12
34521.74
Lettura:
3
1.19
32139.92
Lettura:
4
1.24
30314.96
Lettura:
5
1.13
34137.93
Lettura:
6
1.12
34716.16
Lettura:
7
1.11
35110.13
Lettura:
8
1.15
33389.83
Lettura:
9
1.22
31124.50
Lettura:
10
1.16
33206.75
